[
    [
        [
            250,
            50.0
        ],
        [
            500,
            60.0
        ],
        [
            750,
            65.0
        ],
        [
            1000,
            80.0
        ],
        [
            1500,
            45.0
        ],
        [
            2000,
            80.0
        ],
        [
            3000,
            80.0
        ],
        [
            4000,
            80.0
        ],
        [
            6000,
            95.0
        ],
        [
            8000,
            55.0
        ],
        [
            10000,
            30.0
        ],
        [
            12000,
            50.0
        ],
        [
            15000,
            65.0
        ],
        [
            18000,
            65.0
        ]
    ],
    [
        [
            250,
            60.0
        ],
        [
            500,
            55.0
        ],
        [
            1000,
            55.0
        ],
        [
            2000,
            60.0
        ],
        [
            3000,
            25.0
        ],
        [
            4000,
            15.0
        ],
        [
            6000,
            70.0
        ],
        [
            8000,
            55.0
        ],
        [
            10000,
            80.0
        ],
        [
            12000,
            80.0
        ],
        [
            15000,
            80.0
        ],
        [
            18000,
            80.0
        ]
    ]
]
